w <- 2*300
w
